P0 = [50, 50];
P1 = [150, 50];
T0 = [-180, 400];
T1 = [-5, 100];


plot_hermite(@hermite, P0, P1, T0, T1, [50, 150])
